javac AnalizadorLexico.java
javac plp2.java
java plp2 autocorrector-plp2/fuentes/p01.txt
0 
   0 - funcion => d2

0 2 
   2 - prueba => d3

0 2 3 
   3 - ; => d4

0 2 3 4 
   4 - blq => d6

0 2 3 4 6 
   6 - var => d7

0 2 3 4 6 7 
   7 - a => d12

0 2 3 4 6 7 12 
   12 - : => d13

0 2 3 4 6 7 12 13 
   13 - entero => d14

0 2 3 4 6 7 12 13 14 
   14 - ; => r6
   Desapila 1 => 0 2 3 4 6 7 12 13 

0 2 3 4 6 7 12 13 16 
   16 - ; => d17

0 2 3 4 6 7 12 13 16 17 
   17 - b => r5
   Desapila 4 => 0 2 3 4 6 7 

0 2 3 4 6 7 8 
   8 - b => r4
   Desapila 1 => 0 2 3 4 6 7 

0 2 3 4 6 7 9 
   9 - b => d12

0 2 3 4 6 7 9 12 
   12 - : => d13

0 2 3 4 6 7 9 12 13 
   13 - real => d15

0 2 3 4 6 7 9 12 13 15 
   15 - ; => r7
   Desapila 1 => 0 2 3 4 6 7 9 12 13 

0 2 3 4 6 7 9 12 13 16 
   16 - ; => d17

0 2 3 4 6 7 9 12 13 16 17 
   17 - c => r5
   Desapila 4 => 0 2 3 4 6 7 9 

0 2 3 4 6 7 9 10 
   10 - c => r3
   Desapila 2 => 0 2 3 4 6 7 

0 2 3 4 6 7 9 
   9 - c => d12

0 2 3 4 6 7 9 12 
   12 - : => d13

0 2 3 4 6 7 9 12 13 
   13 - entero => d14

0 2 3 4 6 7 9 12 13 14 
   14 - ; => r6
   Desapila 1 => 0 2 3 4 6 7 9 12 13 

0 2 3 4 6 7 9 12 13 16 
   16 - ; => d17

0 2 3 4 6 7 9 12 13 16 17 
   17 - fvar => r5
   Desapila 4 => 0 2 3 4 6 7 9 

0 2 3 4 6 7 9 10 
   10 - fvar => r3
   Desapila 2 => 0 2 3 4 6 7 

0 2 3 4 6 7 9 
   9 - fvar => d11

0 2 3 4 6 7 9 11 
   11 - a => r2
   Desapila 3 => 0 2 3 4 6 

0 2 3 4 6 18 
   18 - a => d20

0 2 3 4 6 18 20 
   20 - := => d25

0 2 3 4 6 18 20 25 
   25 - 7 => d27

0 2 3 4 6 18 20 25 27 
   27 - - => r16
   Desapila 1 => 0 2 3 4 6 18 20 25 

0 2 3 4 6 18 20 25 26 
   26 - - => r15
   Desapila 1 => 0 2 3 4 6 18 20 25 

0 2 3 4 6 18 20 25 32 
   32 - - => d33

0 2 3 4 6 18 20 25 32 33 
   33 - b => d29

0 2 3 4 6 18 20 25 32 33 29 
   29 - + => r18
   Desapila 1 => 0 2 3 4 6 18 20 25 32 33 

0 2 3 4 6 18 20 25 32 33 34 
   34 - + => r14
   Desapila 3 => 0 2 3 4 6 18 20 25 

0 2 3 4 6 18 20 25 32 
   32 - + => d33

0 2 3 4 6 18 20 25 32 33 
   33 - 2 => d27

0 2 3 4 6 18 20 25 32 33 27 
   27 - + => r16
   Desapila 1 => 0 2 3 4 6 18 20 25 32 33 

0 2 3 4 6 18 20 25 32 33 34 
   34 - + => r14
   Desapila 3 => 0 2 3 4 6 18 20 25 

0 2 3 4 6 18 20 25 32 
   32 - + => d33

0 2 3 4 6 18 20 25 32 33 
   33 - 2.3 => d28

0 2 3 4 6 18 20 25 32 33 28 
   28 - ; => r17
   Desapila 1 => 0 2 3 4 6 18 20 25 32 33 

0 2 3 4 6 18 20 25 32 33 34 
   34 - ; => r14
   Desapila 3 => 0 2 3 4 6 18 20 25 

0 2 3 4 6 18 20 25 32 
   32 - ; => r11
   Desapila 3 => 0 2 3 4 6 18 

0 2 3 4 6 18 23 
   23 - ; => r10
   Desapila 1 => 0 2 3 4 6 18 

0 2 3 4 6 18 21 
   21 - ; => d35

0 2 3 4 6 18 21 35 
   35 - escribe => d19

0 2 3 4 6 18 21 35 19 
   19 - ( => d24

0 2 3 4 6 18 21 35 19 24 
   24 - c => d29

0 2 3 4 6 18 21 35 19 24 29 
   29 - + => r18
   Desapila 1 => 0 2 3 4 6 18 21 35 19 24 

0 2 3 4 6 18 21 35 19 24 26 
   26 - + => r15
   Desapila 1 => 0 2 3 4 6 18 21 35 19 24 

0 2 3 4 6 18 21 35 19 24 30 
   30 - + => d33

0 2 3 4 6 18 21 35 19 24 30 33 
   33 - 2 => d27

0 2 3 4 6 18 21 35 19 24 30 33 27 
   27 - - => r16
   Desapila 1 => 0 2 3 4 6 18 21 35 19 24 30 33 

0 2 3 4 6 18 21 35 19 24 30 33 34 
   34 - - => r14
   Desapila 3 => 0 2 3 4 6 18 21 35 19 24 

0 2 3 4 6 18 21 35 19 24 30 
   30 - - => d33

0 2 3 4 6 18 21 35 19 24 30 33 
   33 - 3 => d27

0 2 3 4 6 18 21 35 19 24 30 33 27 
   27 - - => r16
   Desapila 1 => 0 2 3 4 6 18 21 35 19 24 30 33 

0 2 3 4 6 18 21 35 19 24 30 33 34 
   34 - - => r14
   Desapila 3 => 0 2 3 4 6 18 21 35 19 24 

0 2 3 4 6 18 21 35 19 24 30 
   30 - - => d33

0 2 3 4 6 18 21 35 19 24 30 33 
   33 - 4.5 => d28

0 2 3 4 6 18 21 35 19 24 30 33 28 
   28 - ) => r17
   Desapila 1 => 0 2 3 4 6 18 21 35 19 24 30 33 

0 2 3 4 6 18 21 35 19 24 30 33 34 
   34 - ) => r14
   Desapila 3 => 0 2 3 4 6 18 21 35 19 24 

0 2 3 4 6 18 21 35 19 24 30 
   30 - ) => d31

0 2 3 4 6 18 21 35 19 24 30 31 
   31 - ; => r12
   Desapila 4 => 0 2 3 4 6 18 21 35 

0 2 3 4 6 18 21 35 36 
   36 - ; => r9
   Desapila 3 => 0 2 3 4 6 18 

0 2 3 4 6 18 21 
   21 - ; => d35

0 2 3 4 6 18 21 35 
   35 - blq => d6

0 2 3 4 6 18 21 35 6 
   6 - var => d7

0 2 3 4 6 18 21 35 6 7 
   7 - e => d12

0 2 3 4 6 18 21 35 6 7 12 
   12 - : => d13

0 2 3 4 6 18 21 35 6 7 12 13 
   13 - real => d15

0 2 3 4 6 18 21 35 6 7 12 13 15 
   15 - ; => r7
   Desapila 1 => 0 2 3 4 6 18 21 35 6 7 12 13 

0 2 3 4 6 18 21 35 6 7 12 13 16 
   16 - ; => d17

0 2 3 4 6 18 21 35 6 7 12 13 16 17 
   17 - fvar => r5
   Desapila 4 => 0 2 3 4 6 18 21 35 6 7 

0 2 3 4 6 18 21 35 6 7 8 
   8 - fvar => r4
   Desapila 1 => 0 2 3 4 6 18 21 35 6 7 

0 2 3 4 6 18 21 35 6 7 9 
   9 - fvar => d11

0 2 3 4 6 18 21 35 6 7 9 11 
   11 - e => r2
   Desapila 3 => 0 2 3 4 6 18 21 35 6 

0 2 3 4 6 18 21 35 6 18 
   18 - e => d20

0 2 3 4 6 18 21 35 6 18 20 
   20 - := => d25

0 2 3 4 6 18 21 35 6 18 20 25 
   25 - 7 => d27

0 2 3 4 6 18 21 35 6 18 20 25 27 
   27 - fblq => r16
   Desapila 1 => 0 2 3 4 6 18 21 35 6 18 20 25 

0 2 3 4 6 18 21 35 6 18 20 25 26 
   26 - fblq => r15
   Desapila 1 => 0 2 3 4 6 18 21 35 6 18 20 25 

0 2 3 4 6 18 21 35 6 18 20 25 32 
   32 - fblq => r11
   Desapila 3 => 0 2 3 4 6 18 21 35 6 18 

0 2 3 4 6 18 21 35 6 18 23 
   23 - fblq => r10
   Desapila 1 => 0 2 3 4 6 18 21 35 6 18 

0 2 3 4 6 18 21 35 6 18 21 
   21 - fblq => d37

0 2 3 4 6 18 21 35 6 18 21 37 
   37 - fblq => r8
   Desapila 4 => 0 2 3 4 6 18 21 35 

0 2 3 4 6 18 21 35 22 
   22 - fblq => r13
   Desapila 1 => 0 2 3 4 6 18 21 35 

0 2 3 4 6 18 21 35 36 
   36 - fblq => r9
   Desapila 3 => 0 2 3 4 6 18 

0 2 3 4 6 18 21 
   21 - fblq => d37

0 2 3 4 6 18 21 37 
   37 -  => r8
   Desapila 4 => 0 2 3 4 

0 2 3 4 5 
   5 -  => r1
   Desapila 4 => 0 

0 1 
   1 -  => acepta

